0.0,0.0969998836517334,0.0969998836517334
0.0,0.09799981117248535,0.09799981117248535
0.0,0.0969998836517334,0.0969998836517334
0.0,0.0969998836517334,0.0969998836517334
0.05499982833862305,0.13899993896484375,0.0840001106262207
0.059999942779541016,0.10299992561340332,0.042999982833862305
0.06099987030029297,0.13899993896484375,0.07800006866455078
0.06199979782104492,0.1269998550415039,0.06500005722045898
0.10099983215332031,0.15599989891052246,0.05500006675720215
0.10099983215332031,0.17400002479553223,0.07300019264221191
0.10099983215332031,0.18599987030029297,0.08500003814697266
0.10199999809265137,0.17400002479553223,0.07200002670288086
0.15199995040893555,0.22099995613098145,0.0690000057220459
0.1529998779296875,0.2089998722076416,0.0559999942779541
0.17400002479553223,0.2539999485015869,0.07999992370605469
0.17499995231628418,0.2929999828338623,0.11800003051757812
0.20199990272521973,0.27899980545043945,0.07699990272521973
0.20299983024597168,0.26599979400634766,0.06299996376037598
0.2349998950958252,0.3529999256134033,0.11800003051757812
0.25099992752075195,0.3529999256134033,0.10199999809265137
0.25099992752075195,0.2929999828338623,0.04200005531311035
0.27899980545043945,0.3689999580383301,0.09000015258789062
0.30099987983703613,0.3880000114440918,0.08700013160705566
0.30099987983703613,0.3529999256134033,0.05200004577636719
0.30499982833862305,0.4289999008178711,0.12400007247924805
0.3269999027252197,0.3880000114440918,0.06100010871887207
0.3509998321533203,0.3880000114440918,0.037000179290771484
0.35699987411499023,0.4289999008178711,0.07200002670288086
0.3639998435974121,0.5079998970031738,0.14400005340576172
0.39099979400634766,0.46399998664855957,0.07300019264221191
0.4010000228881836,0.562999963760376,0.16199994087219238
0.41299986839294434,0.4889998435974121,0.07599997520446777
0.42799997329711914,0.4889998435974121,0.06099987030029297
0.4479999542236328,0.5079998970031738,0.059999942779541016
0.4509999752044678,0.6319999694824219,0.1809999942779541
0.46899986267089844,0.5299999713897705,0.06100010871887207
0.4739999771118164,0.5299999713897705,0.0559999942779541
0.49000000953674316,0.5299999713897705,0.039999961853027344
0.500999927520752,0.7379999160766602,0.2369999885559082
0.5130000114440918,0.5499999523162842,0.03699994087219238
0.5189998149871826,0.6159999370574951,0.0970001220703125
0.5349998474121094,0.5929999351501465,0.05800008773803711
0.5360000133514404,0.6159999370574951,0.07999992370605469
0.556999921798706,0.6319999694824219,0.07500004768371582
0.5679998397827148,0.6659998893737793,0.09800004959106445
0.5789999961853027,0.6389999389648438,0.059999942779541016
0.5809998512268066,0.6449999809265137,0.06400012969970703
0.6019999980926514,0.6589999198913574,0.056999921798706055
0.622999906539917,0.753000020980835,0.13000011444091797
0.623999834060669,0.6659998893737793,0.04200005531311035
0.6510000228881836,0.685999870300293,0.034999847412109375
0.6549999713897705,0.7189998626708984,0.06399989128112793
0.6649999618530273,0.7379999160766602,0.07299995422363281
0.6989998817443848,0.8139998912811279,0.11500000953674316
0.6989998817443848,0.7659997940063477,0.06699991226196289
0.7009999752044678,0.7379999160766602,0.03699994087219238
0.7289998531341553,0.8569998741149902,0.12800002098083496
0.750999927520752,0.7949998378753662,0.04399991035461426
0.7619998455047607,0.869999885559082,0.10800004005432129
0.7749998569488525,0.8199999332427979,0.04500007629394531
0.7829999923706055,0.997999906539917,0.21499991416931152
0.7979998588562012,0.8689999580383301,0.0710000991821289
0.8019998073577881,0.8569998741149902,0.05500006675720215
0.8349997997283936,0.8869998455047607,0.05200004577636719
0.8369998931884766,1.057999849319458,0.22099995613098145
0.8499999046325684,0.8969998359680176,0.04699993133544922
0.869999885559082,0.934999942779541,0.06500005722045898
0.873999834060669,0.9259998798370361,0.05200004577636719
0.8999998569488525,0.9399998188018799,0.039999961853027344
0.9010000228881836,0.9389998912811279,0.037999868392944336
0.9249999523162842,0.997999906539917,0.07299995422363281
0.9509999752044678,0.997999906539917,0.04699993133544922
0.9509999752044678,0.9800000190734863,0.029000043869018555
0.9649999141693115,1.0460000038146973,0.08100008964538574
0.9889998435974121,1.1079998016357422,0.11899995803833008
1.0,1.0230000019073486,0.023000001907348633
1.000999927520752,1.057999849319458,0.056999921798706055
1.001999855041504,1.065999984741211,0.06400012969970703
1.0269999504089355,1.1449999809265137,0.11800003051757812
1.0469999313354492,1.1079998016357422,0.06099987030029297
1.054999828338623,1.1109998226165771,0.0559999942779541
1.054999828338623,1.0809998512268066,0.026000022888183594
1.063999891281128,1.11899995803833,0.05500006675720215
1.0709998607635498,1.180999994277954,0.1100001335144043
1.1039998531341553,1.1669998168945312,0.06299996376037598
1.1069998741149902,1.180999994277954,0.07400012016296387
1.1069998741149902,1.1669998168945312,0.059999942779541016
1.117999792098999,1.244999885559082,0.127000093460083
1.1339998245239258,1.244999885559082,0.11100006103515625
1.1480000019073486,1.2649998664855957,0.11699986457824707
1.1499998569488525,1.2649998664855957,0.11500000953674316
1.1499998569488525,1.244999885559082,0.09500002861022949
1.1759998798370361,1.303999900817871,0.12800002098083496
1.187999963760376,1.3229999542236328,0.13499999046325684
1.2019999027252197,1.303999900817871,0.10199999809265137
1.2019999027252197,1.3029999732971191,0.10100007057189941
1.2089998722076416,1.309000015258789,0.10000014305114746
1.24399995803833,1.3579998016357422,0.11399984359741211
1.251999855041504,1.3229999542236328,0.0710000991821289
1.251999855041504,1.309000015258789,0.057000160217285156
1.251999855041504,1.319000005722046,0.06700015068054199
1.306999921798706,1.3349997997283936,0.0279998779296875
1.309999942779541,1.3439998626708984,0.03399991989135742
1.310999870300293,1.3349997997283936,0.023999929428100586
1.311999797821045,1.4829998016357422,0.17100000381469727
1.3399999141693115,1.5239999294281006,0.18400001525878906
1.3550000190734863,1.3969998359680176,0.04199981689453125
1.3569998741149902,1.3969998359680176,0.039999961853027344
1.3609998226165771,1.4210000038146973,0.06000018119812012
1.4010000228881836,1.4749999046325684,0.07399988174438477
1.4010000228881836,1.4829998016357422,0.0819997787475586
1.4010000228881836,1.491999864578247,0.09099984169006348
1.438999891281128,1.5739998817443848,0.13499999046325684
1.4509999752044678,1.5149998664855957,0.06399989128112793
1.4529998302459717,1.5149998664855957,0.06200003623962402
1.4529998302459717,1.6089999675750732,0.15600013732910156
1.4759998321533203,1.5149998664855957,0.03900003433227539
1.500999927520752,1.5239999294281006,0.023000001907348633
1.500999927520752,1.5469999313354492,0.046000003814697266
1.5509998798370361,1.5739998817443848,0.023000001907348633
1.5509998798370361,1.5939998626708984,0.042999982833862305
1.554999828338623,1.6489999294281006,0.09400010108947754
1.5729999542236328,1.6599998474121094,0.08699989318847656
1.5959999561309814,1.7029998302459717,0.10699987411499023
1.5999999046325684,1.6309998035430908,0.03099989891052246
1.6009998321533203,1.626999855041504,0.026000022888183594
1.6399998664855957,1.7269999980926514,0.08700013160705566
1.6489999294281006,1.7170000076293945,0.06800007820129395
1.6510000228881836,1.686999797821045,0.03599977493286133
1.6510000228881836,1.686999797821045,0.03599977493286133
1.690999984741211,1.7990000247955322,0.10800004005432129
1.6979999542236328,1.746999979019165,0.04900002479553223
1.7019999027252197,1.7269999980926514,0.02500009536743164
1.7029998302459717,1.7170000076293945,0.014000177383422852
1.7189998626708984,2.6599998474121094,0.9409999847412109
1.7289998531341553,1.7960000038146973,0.06700015068054199
1.753000020980835,1.7960000038146973,0.042999982833862305
1.753999948501587,2.7209999561309814,0.9670000076293945
1.7549998760223389,1.7999999523162842,0.04500007629394531
1.7860000133514404,1.8359999656677246,0.04999995231628418
1.807999849319458,1.876999855041504,0.0690000057220459
1.809000015258789,1.876999855041504,0.06799983978271484
1.8239998817443848,2.809000015258789,0.9850001335144043
1.8589999675750732,2.2909998893737793,0.43199992179870605
1.8589999675750732,1.9179999828338623,0.05900001525878906
1.86899995803833,1.9179999828338623,0.04900002479553223
1.8819999694824219,2.1559998989105225,0.2739999294281006
1.9019999504089355,2.0969998836517334,0.19499993324279785
1.938999891281128,2.1559998989105225,0.21700000762939453
1.9509999752044678,2.0969998836517334,0.14599990844726562
1.9559998512268066,2.1559998989105225,0.20000004768371582
2.0,2.2909998893737793,0.2909998893737793
2.001999855041504,2.2909998893737793,0.2890000343322754
2.044999837875366,2.2909998893737793,0.24600005149841309
2.050999879837036,2.2909998893737793,0.24000000953674316
2.0849997997283936,2.2909998893737793,0.20600008964538574
2.1019999980926514,2.2909998893737793,0.18899989128112793
2.115999937057495,2.36899995803833,0.25300002098083496
2.1399998664855957,2.3309998512268066,0.19099998474121094
2.1519999504089355,2.3309998512268066,0.1789999008178711
2.176999807357788,2.363999843597412,0.18700003623962402
2.1989998817443848,2.513000011444092,0.31400012969970703
2.2009999752044678,2.36899995803833,0.1679999828338623
2.2079999446868896,2.513000011444092,0.30500006675720215
2.241999864578247,2.513000011444092,0.2710001468658447
2.250999927520752,2.513000011444092,0.26200008392333984
2.2719998359680176,2.513000011444092,0.24100017547607422
2.2860000133514404,2.513000011444092,0.22699999809265137
2.300999879837036,2.513000011444092,0.21200013160705566
2.300999879837036,2.513000011444092,0.21200013160705566
2.305999994277954,2.5299999713897705,0.2239999771118164
2.3509998321533203,2.513000011444092,0.16200017929077148
2.3509998321533203,2.5219998359680176,0.17100000381469727
2.3929998874664307,2.5929999351501465,0.20000004768371582
2.4010000228881836,2.5929999351501465,0.1919999122619629
2.4019999504089355,2.5929999351501465,0.19099998474121094
2.437999963760376,2.5929999351501465,0.1549999713897705
2.4519999027252197,2.5929999351501465,0.14100003242492676
2.4519999027252197,2.5929999351501465,0.14100003242492676
2.4579999446868896,2.5929999351501465,0.13499999046325684
2.485999822616577,2.5959999561309814,0.1100001335144043
2.501999855041504,2.5929999351501465,0.09100008010864258
2.501999855041504,2.5929999351501465,0.09100008010864258
2.5269999504089355,2.6029999256134033,0.07599997520446777
2.549999952316284,2.610999822616577,0.06099987030029297
2.553999900817871,2.632999897003174,0.07899999618530273
2.554999828338623,2.632999897003174,0.07800006866455078
2.569999933242798,2.632999897003174,0.06299996376037598
2.6009998321533203,2.6409997940063477,0.039999961853027344
2.6029999256134033,2.6409997940063477,0.037999868392944336
2.6089999675750732,2.6710000038146973,0.06200003623962402
2.6439998149871826,2.7099997997283936,0.06599998474121094
2.6510000228881836,2.684999942779541,0.03399991989135742
2.6510000228881836,2.7099997997283936,0.05899977684020996
2.684999942779541,2.735999822616577,0.05099987983703613
2.7009999752044678,2.7209999561309814,0.019999980926513672
2.7079999446868896,2.888000011444092,0.18000006675720215
2.7099997997283936,2.7739999294281006,0.06400012969970703
2.7109999656677246,2.7739999294281006,0.06299996376037598
2.750999927520752,2.8379998207092285,0.08699989318847656
2.753000020980835,2.809000015258789,0.0559999942779541
2.7639999389648438,2.8379998207092285,0.07399988174438477
2.7860000133514404,2.9639999866485596,0.17799997329711914
2.799999952316284,3.0419998168945312,0.24199986457824707
2.800999879837036,2.922999858856201,0.12199997901916504
2.803999900817871,2.8869998455047607,0.08299994468688965
2.819000005722046,3.135999917984009,0.3169999122619629
2.8269999027252197,2.888000011444092,0.06100010871887207
2.8519999980926514,2.9819998741149902,0.12999987602233887
2.8539998531341553,2.9639999866485596,0.1100001335144043
2.8989999294281006,3.135999917984009,0.2369999885559082
2.9110000133514404,3.0419998168945312,0.13099980354309082
2.926999807357788,3.0419998168945312,0.11500000953674316
2.9509999752044678,3.1999998092651367,0.24899983406066895
2.9570000171661377,3.1999998092651367,0.24299979209899902
2.985999822616577,3.2189998626708984,0.2330000400543213
2.990000009536743,3.2189998626708984,0.22899985313415527
2.998999834060669,3.1989998817443848,0.20000004768371582
3.0319998264312744,3.2189998626708984,0.18700003623962402
3.0369999408721924,3.2189998626708984,0.18199992179870605
3.052999973297119,3.2659997940063477,0.21299982070922852
3.056999921798706,3.2189998626708984,0.16199994087219238
3.059999942779541,3.2659997940063477,0.20599985122680664
3.072999954223633,3.626999855041504,0.5539999008178711
3.0889999866485596,3.2659997940063477,0.17699980735778809
3.1029999256134033,3.2659997940063477,0.16299986839294434
3.11299991607666,3.4010000228881836,0.28800010681152344
3.130999803543091,3.4010000228881836,0.2700002193450928
3.1449999809265137,3.4010000228881836,0.2560000419616699
3.1469998359680176,3.5419998168945312,0.39499998092651367
3.179999828338623,3.4010000228881836,0.22100019454956055
3.191999912261963,3.5199999809265137,0.3280000686645508
3.2039999961853027,3.5409998893737793,0.33699989318847656
3.2119998931884766,3.5199999809265137,0.3080000877380371
3.2259998321533203,3.5199999809265137,0.29400014877319336
3.2319998741149902,3.5409998893737793,0.30900001525878906
3.238999843597412,3.5409998893737793,0.3020000457763672
3.247999906539917,3.5199999809265137,0.2720000743865967
3.2760000228881836,3.5409998893737793,0.2649998664855957
3.2860000133514404,3.5409998893737793,0.25499987602233887
3.2879998683929443,3.5199999809265137,0.23200011253356934
3.31499981880188,3.7300000190734863,0.41500020027160645
3.31499981880188,3.5199999809265137,0.2050001621246338
3.3409998416900635,3.5409998893737793,0.20000004768371582
3.3449997901916504,3.626999855041504,0.2820000648498535
3.36299991607666,3.7300000190734863,0.36700010299682617
3.371999979019165,3.7289998531341553,0.35699987411499023
3.3899998664855957,3.7300000190734863,0.3400001525878906
3.3939998149871826,3.7300000190734863,0.3360002040863037
3.4119999408721924,3.7300000190734863,0.31800007820129395
3.422999858856201,3.7289998531341553,0.3059999942779541
3.431999921798706,3.7300000190734863,0.2980000972747803
3.4519999027252197,3.7300000190734863,0.2780001163482666
3.4549999237060547,3.7289998531341553,0.2739999294281006
3.4549999237060547,3.7289998531341553,0.2739999294281006
3.4759998321533203,3.8299999237060547,0.3540000915527344
3.500999927520752,3.7289998531341553,0.22799992561340332
3.500999927520752,3.7289998531341553,0.22799992561340332
3.503000020980835,3.8980000019073486,0.39499998092651367
3.5219998359680176,3.626999855041504,0.10500001907348633
3.550999879837036,3.748999834060669,0.1979999542236328
3.550999879837036,3.748999834060669,0.1979999542236328
3.556999921798706,3.753999948501587,0.19700002670288086
3.572999954223633,3.753999948501587,0.1809999942779541
3.5939998626708984,3.7860000133514404,0.192000150680542
3.6009998321533203,3.748999834060669,0.14800000190734863
3.6009998321533203,3.7829999923706055,0.18200016021728516
3.616999864578247,3.7860000133514404,0.16900014877319336
3.6510000228881836,3.7829999923706055,0.13199996948242188
3.6510000228881836,3.7829999923706055,0.13199996948242188
3.6539998054504395,3.7829999923706055,0.12900018692016602
3.675999879837036,3.7829999923706055,0.10700011253356934
3.7009999752044678,3.7939999103546143,0.09299993515014648
3.7009999752044678,3.7939999103546143,0.09299993515014648
3.7089998722076416,3.796999931335449,0.08800005912780762
3.751999855041504,3.796999931335449,0.04500007629394531
3.751999855041504,3.796999931335449,0.04500007629394531
3.753999948501587,3.816999912261963,0.06299996376037598
3.796999931335449,3.871999979019165,0.07500004768371582
3.800999879837036,3.816999912261963,0.016000032424926758
3.801999807357788,3.8299999237060547,0.0280001163482666
3.810999870300293,4.007999897003174,0.19700002670288086
3.8420000076293945,3.937999963760376,0.09599995613098145
3.8519999980926514,3.875999927520752,0.023999929428100586
3.8519999980926514,3.884999990463257,0.03299999237060547
3.872999906539917,4.073999881744385,0.20099997520446777
3.9010000228881836,4.007999897003174,0.10699987411499023
3.9019999504089355,4.007999897003174,0.10599994659423828
3.9110000133514404,4.007999897003174,0.0969998836517334
3.929999828338623,4.073999881744385,0.14400005340576172
3.937999963760376,4.122999906539917,0.18499994277954102
3.9509999752044678,4.122999906539917,0.17199993133544922
3.9509999752044678,4.073999881744385,0.12299990653991699
3.9509999752044678,4.073999881744385,0.12299990653991699
3.9670000076293945,4.2799999713897705,0.312999963760376
4.001999855041504,4.0920000076293945,0.09000015258789062
4.001999855041504,4.122999906539917,0.12100005149841309
4.014999866485596,4.2799999713897705,0.2650001049041748
4.023000001907349,4.2799999713897705,0.2569999694824219
4.046000003814697,4.322000026702881,0.2760000228881836
4.050999879837036,4.2799999713897705,0.22900009155273438
4.051999807357788,4.2799999713897705,0.22800016403198242
4.065999984741211,4.322000026702881,0.2560000419616699
4.069999933242798,4.322000026702881,0.252000093460083
4.10099983215332,4.2799999713897705,0.1790001392364502
4.10099983215332,4.2799999713897705,0.1790001392364502
4.107999801635742,4.398000001907349,0.29000020027160645
4.128999948501587,4.398000001907349,0.2690000534057617
4.151000022888184,4.448999881744385,0.29799985885620117
4.151000022888184,4.398000001907349,0.24699997901916504
4.1559998989105225,4.619999885559082,0.46399998664855957
4.171999931335449,4.619999885559082,0.4479999542236328
4.187999963760376,4.4629998207092285,0.27499985694885254
4.200999975204468,4.449999809265137,0.24899983406066895
4.20199990272522,4.448999881744385,0.24699997901916504
4.251999855041504,4.448999881744385,0.19700002670288086
4.251999855041504,4.449999809265137,0.1979999542236328
4.271999835968018,4.619999885559082,0.34800004959106445
4.300999879837036,4.672999858856201,0.37199997901916504
4.300999879837036,4.449999809265137,0.14899992942810059
4.313999891281128,4.619999885559082,0.3059999942779541
4.3349997997283936,4.674000024795532,0.33900022506713867
4.349999904632568,4.672999858856201,0.3229999542236328
4.35099983215332,4.619999885559082,0.2690000534057617
4.367999792098999,4.672999858856201,0.30500006675720215
4.369999885559082,4.619999885559082,0.25
4.398000001907349,4.672999858856201,0.27499985694885254
4.3999998569488525,4.619999885559082,0.2200000286102295
4.401000022888184,4.674000024795532,0.27300000190734863
4.401000022888184,5.164999961853027,0.7639999389648438
4.428999900817871,4.672999858856201,0.24399995803833008
4.434999942779541,4.674000024795532,0.2390000820159912
4.45799994468689,4.674000024795532,0.21600008010864258
4.480000019073486,4.674000024795532,0.1940000057220459
4.483999967575073,4.672999858856201,0.18899989128112793
4.5279998779296875,4.829999923706055,0.3020000457763672
4.540999889373779,4.724999904632568,0.18400001525878906
4.544999837875366,4.674000024795532,0.12900018692016602
4.56499981880188,4.724999904632568,0.16000008583068848
4.57099986076355,5.161999940872192,0.5910000801086426
4.5849997997283936,5.161999940872192,0.5770001411437988
4.605999946594238,4.830999851226807,0.22499990463256836
4.605999946594238,5.161999940872192,0.5559999942779541
4.639999866485596,5.161999940872192,0.5220000743865967
4.640999794006348,5.161999940872192,0.5210001468658447
4.645999908447266,4.830999851226807,0.18499994277954102
4.651000022888184,5.161999940872192,0.5109999179840088
4.669999837875366,5.164999961853027,0.49500012397766113
4.700999975204468,5.164999961853027,0.46399998664855957
4.70199990272522,5.161999940872192,0.46000003814697266
4.710999965667725,5.164999961853027,0.45399999618530273
4.7209999561309814,5.164999961853027,0.4440000057220459
4.734999895095825,5.164999961853027,0.43000006675720215
4.746999979019165,5.164999961853027,0.4179999828338623
4.750999927520752,5.164999961853027,0.4140000343322754
4.753999948501587,5.164999961853027,0.41100001335144043
4.759999990463257,5.248999834060669,0.4889998435974121
4.773000001907349,5.248999834060669,0.4759998321533203
4.773999929428101,5.248999834060669,0.47499990463256836
4.800999879837036,5.4059998989105225,0.6050000190734863
4.802999973297119,5.248999834060669,0.4459998607635498
4.803999900817871,5.248999834060669,0.44499993324279785
4.815999984741211,5.547999858856201,0.7319998741149902
4.82699990272522,5.547999858856201,0.7209999561309814
4.8379998207092285,5.248999834060669,0.41100001335144043
4.85099983215332,5.4059998989105225,0.5550000667572021
4.855000019073486,5.547999858856201,0.6929998397827148
4.9019999504089355,5.4059998989105225,0.5039999485015869
4.906999826431274,5.4059998989105225,0.49900007247924805
4.91100001335144,5.547999858856201,0.6369998455047607
4.922999858856201,5.4059998989105225,0.4830000400543213
4.950999975204468,5.547999858856201,0.5969998836517334
4.958999872207642,5.547999858856201,0.5889999866485596
4.9599997997283936,5.547999858856201,0.5880000591278076
4.984999895095825,5.4059998989105225,0.42100000381469727
4.98799991607666,5.547999858856201,0.559999942779541
5.000999927520752,5.547999858856201,0.5469999313354492
5.038999795913696,5.547999858856201,0.5090000629425049
5.042999982833862,5.4059998989105225,0.36299991607666016
5.050999879837036,5.547999858856201,0.49699997901916504
5.0920000076293945,5.4059998989105225,0.31399989128112793
5.110999822616577,5.549000024795532,0.4380002021789551
5.151000022888184,5.547999858856201,0.3969998359680176
5.151000022888184,6.998999834060669,1.8479998111724854
5.1579999923706055,5.549000024795532,0.39100003242492676
5.178999900817871,5.549000024795532,0.37000012397766113
5.230999946594238,5.549000024795532,0.31800007820129395
5.253000020980835,5.549000024795532,0.29600000381469727
5.254999876022339,5.582000017166138,0.32700014114379883
5.304999828338623,5.582000017166138,0.27700018882751465
5.332000017166138,5.582000017166138,0.25
5.3399999141693115,5.582000017166138,0.24200010299682617
5.360999822616577,5.582000017166138,0.22100019454956055
5.363999843597412,5.7829999923706055,0.41900014877319336
5.378000020980835,5.582000017166138,0.20399999618530273
5.395999908447266,5.7829999923706055,0.38700008392333984
5.4079999923706055,5.730999946594238,0.3229999542236328
5.453999996185303,5.730999946594238,0.27699995040893555
5.458999872207642,5.7829999923706055,0.32400012016296387
5.4629998207092285,5.781999826431274,0.3190000057220459
5.506999969482422,5.730999946594238,0.2239999771118164
5.520999908447266,5.730999946594238,0.21000003814697266
5.5309998989105225,5.7829999923706055,0.252000093460083
5.531999826431274,5.781999826431274,0.25
5.555999994277954,6.020999908447266,0.4649999141693115
5.559000015258789,5.882999897003174,0.32399988174438477
5.57699990272522,6.020999908447266,0.4440000057220459
5.577999830245972,5.882999897003174,0.30500006675720215
5.60699987411499,6.020999908447266,0.4140000343322754
5.613999843597412,5.882999897003174,0.2690000534057617
5.619999885559082,6.020999908447266,0.4010000228881836
5.641999959945679,6.020999908447266,0.3789999485015869
5.664999961853027,6.020999908447266,0.3559999465942383
5.667999982833862,6.020999908447266,0.3529999256134033
5.679999828338623,6.020999908447266,0.3410000801086426
5.7149999141693115,6.107999801635742,0.39299988746643066
5.7170000076293945,6.107999801635742,0.39099979400634766
5.71999979019165,6.020999908447266,0.30100011825561523
5.71999979019165,6.107999801635742,0.3880000114440918
5.753999948501587,6.108999967575073,0.35500001907348633
5.763000011444092,6.108999967575073,0.34599995613098145
5.788999795913696,6.159999847412109,0.3710000514984131
5.792999982833862,6.175999879837036,0.38299989700317383
5.827999830245972,6.159999847412109,0.3320000171661377
5.829999923706055,6.35699987411499,0.5269999504089355
5.8409998416900635,6.35699987411499,0.5160000324249268
5.85099983215332,6.35699987411499,0.5060000419616699
5.861999988555908,6.35699987411499,0.49499988555908203
5.881999969482422,6.35699987411499,0.47499990463256836
5.884999990463257,6.35699987411499,0.4719998836517334
5.9049999713897705,6.35699987411499,0.4519999027252197
5.921000003814697,6.35699987411499,0.43599987030029297
5.921000003814697,6.35699987411499,0.43599987030029297
5.95199990272522,6.35699987411499,0.4049999713897705
5.96399998664856,6.35699987411499,0.39299988746643066
5.978999853134155,6.35699987411499,0.37800002098083496
5.99399995803833,6.35699987411499,0.36299991607666016
5.99399995803833,6.35699987411499,0.36299991607666016
6.026000022888184,6.35699987411499,0.33099985122680664
6.051999807357788,6.35699987411499,0.30500006675720215
6.069999933242798,6.365000009536743,0.2950000762939453
6.0849997997283936,6.365000009536743,0.2800002098083496
6.096999883651733,6.35699987411499,0.25999999046325684
6.11299991607666,6.6529998779296875,0.5399999618530273
6.128999948501587,6.376999855041504,0.247999906539917
6.128999948501587,6.6529998779296875,0.5239999294281006
6.163999795913696,6.376999855041504,0.21300005912780762
6.165999889373779,6.6519999504089355,0.48600006103515625
6.184999942779541,6.6519999504089355,0.46700000762939453
6.194999933242798,6.6519999504089355,0.4570000171661377
6.210999965667725,6.6529998779296875,0.4419999122619629
6.21399998664856,6.6519999504089355,0.437999963760376
6.235999822616577,6.6529998779296875,0.41700005531311035
6.244999885559082,6.6519999504089355,0.4070000648498535
6.251999855041504,6.6529998779296875,0.4010000228881836
6.263000011444092,6.6519999504089355,0.38899993896484375
6.291999816894531,6.6519999504089355,0.3600001335144043
6.303999900817871,6.6529998779296875,0.3489999771118164
6.322999954223633,6.684000015258789,0.36100006103515625
6.323999881744385,6.684000015258789,0.3600001335144043
6.32699990272522,6.6519999504089355,0.3250000476837158
6.359999895095825,6.925999879837036,0.5659999847412109
6.370999813079834,6.924999952316284,0.5540001392364502
6.390999794006348,6.924999952316284,0.5340001583099365
6.415999889373779,6.925999879837036,0.5099999904632568
6.429999828338623,6.924999952316284,0.49500012397766113
6.437999963760376,6.924999952316284,0.4869999885559082
6.447000026702881,6.925999879837036,0.4789998531341553
6.4670000076293945,6.924999952316284,0.45799994468688965
6.4709999561309814,6.925999879837036,0.4549999237060547
6.472999811172485,6.924999952316284,0.45200014114379883
6.531999826431274,6.924999952316284,0.39300012588500977
6.549000024795532,6.925999879837036,0.3769998550415039
6.552999973297119,6.924999952316284,0.37199997901916504
6.562999963760376,6.931999921798706,0.3689999580383301
6.575999975204468,6.924999952316284,0.3489999771118164
6.5929999351501465,6.924999952316284,0.3320000171661377
6.610999822616577,6.986999988555908,0.37600016593933105
6.639999866485596,6.924999952316284,0.2850000858306885
6.640999794006348,6.924999952316284,0.2840001583099365
6.677999973297119,6.986999988555908,0.30900001525878906
6.684999942779541,6.931999921798706,0.24699997901916504
6.702999830245972,7.175999879837036,0.47300004959106445
6.71399998664856,7.176999807357788,0.4629998207092285
6.73799991607666,7.176999807357788,0.43899989128112793
6.767999887466431,7.175999879837036,0.40799999237060547
6.767999887466431,7.175999879837036,0.40799999237060547
6.7779998779296875,7.175999879837036,0.39800000190734863
6.804999828338623,7.175999879837036,0.3710000514984131
6.817999839782715,7.175999879837036,0.3580000400543213
6.822000026702881,7.175999879837036,0.3539998531341553
6.833999872207642,7.175999879837036,0.34200000762939453
6.852999925613403,7.175999879837036,0.3229999542236328
6.869999885559082,7.175999879837036,0.3059999942779541
6.875,6.998999834060669,0.12399983406066895
6.889999866485596,7.251999855041504,0.3619999885559082
6.931999921798706,7.175999879837036,0.24399995803833008
6.936999797821045,7.412999868392944,0.4760000705718994
6.942999839782715,7.175999879837036,0.2330000400543213
6.961999893188477,7.251999855041504,0.28999996185302734
6.994999885559082,7.412999868392944,0.4179999828338623
6.997999906539917,7.296000003814697,0.2980000972747803
7.003000020980835,7.411999940872192,0.4089999198913574
7.008999824523926,7.412999868392944,0.40400004386901855
7.017999887466431,7.412999868392944,0.39499998092651367
7.050999879837036,7.646999835968018,0.5959999561309814
7.056999921798706,7.296000003814697,0.2390000820159912
7.086999893188477,7.296000003814697,0.2090001106262207
7.099999904632568,7.412999868392944,0.312999963760376
7.102999925613403,7.411999940872192,0.30900001525878906
7.119999885559082,7.296000003814697,0.17600011825561523
7.133999824523926,7.45199990272522,0.31800007820129395
7.143999814987183,7.296000003814697,0.15200018882751465
7.148999929428101,7.411999940872192,0.2630000114440918
7.161999940872192,7.454999923706055,0.2929999828338623
7.174000024795532,7.411999940872192,0.23799991607666016
7.174999952316284,7.296000003814697,0.12100005149841309
7.20199990272522,7.296000003814697,0.09400010108947754
7.2129998207092285,7.411999940872192,0.19900012016296387
7.2170000076293945,7.296000003814697,0.07899999618530273
7.22599983215332,7.411999940872192,0.18600010871887207
7.23199987411499,7.454999923706055,0.22300004959106445
7.23799991607666,7.454999923706055,0.21700000762939453
7.288999795913696,7.646999835968018,0.3580000400543213
7.304999828338623,7.454999923706055,0.15000009536743164
7.311999797821045,7.646999835968018,0.33500003814697266
7.332000017166138,7.486999988555908,0.1549999713897705
7.33899998664856,7.646999835968018,0.307999849319458
7.360999822616577,7.486999988555908,0.12600016593933105
7.375,7.6499998569488525,0.27499985694885254
7.388000011444092,7.646999835968018,0.2589998245239258
7.4049999713897705,7.6499998569488525,0.24499988555908203
7.414999961853027,7.6499998569488525,0.2349998950958252
7.429999828338623,7.6499998569488525,0.2200000286102295
7.434999942779541,7.722999811172485,0.28799986839294434
7.455999851226807,7.671999931335449,0.21600008010864258
7.4709999561309814,7.722999811172485,0.2519998550415039
7.482999801635742,7.722999811172485,0.24000000953674316
7.485999822616577,7.723999977111816,0.23800015449523926
7.505999803543091,7.722999811172485,0.21700000762939453
7.510999917984009,7.671999931335449,0.16100001335144043
7.517999887466431,7.722999811172485,0.2049999237060547
7.540999889373779,7.726999998092651,0.18600010871887207
7.554999828338623,7.722999811172485,0.1679999828338623
7.561999797821045,7.726999998092651,0.16500020027160645
7.572999954223633,7.671999931335449,0.0989999771118164
7.5899999141693115,7.740000009536743,0.15000009536743164
7.603999853134155,7.73799991607666,0.13400006294250488
7.60699987411499,7.790999889373779,0.18400001525878906
7.615999937057495,7.722999811172485,0.10699987411499023
7.616999864578247,7.740000009536743,0.1230001449584961
7.6549999713897705,7.726999998092651,0.07200002670288086
7.66100001335144,7.86299991607666,0.20199990272521973
7.674999952316284,7.7749998569488525,0.09999990463256836
7.697000026702881,7.802999973297119,0.10599994659423828
7.703999996185303,7.790999889373779,0.08699989318847656
7.705999851226807,7.86299991607666,0.15700006484985352
7.723999977111816,8.616999864578247,0.8929998874664307
7.726999998092651,7.932999849319458,0.20599985122680664
7.75,7.948999881744385,0.19899988174438477
7.750999927520752,7.932999849319458,0.18199992179870605
7.796000003814697,7.980000019073486,0.18400001525878906
7.800999879837036,7.932999849319458,0.13199996948242188
7.813999891281128,8.020999908447266,0.2070000171661377
7.82699990272522,8.031999826431274,0.2049999237060547
7.851999998092651,7.980000019073486,0.12800002098083496
7.855000019073486,8.031999826431274,0.17699980735778809
7.881999969482422,8.020999908447266,0.13899993896484375
7.894999980926514,8.108999967575073,0.21399998664855957
7.9019999504089355,8.031999826431274,0.12999987602233887
7.925999879837036,8.203999996185303,0.2780001163482666
7.950999975204468,8.031999826431274,0.08099985122680664
7.952999830245972,8.108999967575073,0.15600013732910156
7.953999996185303,8.330999851226807,0.3769998550415039
7.984999895095825,8.17199993133545,0.18700003623962402
8.001999855041504,8.172999858856201,0.17100000381469727
8.024999856948853,8.203999996185303,0.1790001392364502
8.026000022888184,8.330999851226807,0.30499982833862305
8.050999879837036,8.203999996185303,0.1530001163482666
8.084999799728394,8.330999851226807,0.24600005149841309
8.087999820709229,8.330999851226807,0.24300003051757812
8.10099983215332,8.3989999294281,0.2980000972747803
8.11299991607666,8.330999851226807,0.21799993515014648
8.125999927520752,8.330999851226807,0.2049999237060547
8.143999814987183,8.330999851226807,0.18700003623962402
8.156999826431274,8.388999938964844,0.23200011253356934
8.167999982833862,8.3989999294281,0.23099994659423828
8.188999891281128,8.330999851226807,0.1419999599456787
8.202999830245972,8.388999938964844,0.18600010871887207
8.214999914169312,8.3989999294281,0.18400001525878906
8.230000019073486,8.407999992370605,0.17799997329711914
8.242999792098999,8.520999908447266,0.2780001163482666
8.260999917984009,8.520999908447266,0.25999999046325684
8.269999980926514,8.520999908447266,0.25099992752075195
8.28499984741211,8.520999908447266,0.23600006103515625
8.288999795913696,8.553999900817871,0.2650001049041748
8.303999900817871,8.520999908447266,0.21700000762939453
8.313999891281128,8.520999908447266,0.2070000171661377
8.32200002670288,8.520999908447266,0.19899988174438477
8.347999811172485,8.520999908447266,0.17300009727478027
8.35099983215332,8.605999946594238,0.25500011444091797
8.376999855041504,8.53499984741211,0.15799999237060547
8.388000011444092,8.53499984741211,0.14699983596801758
8.396999835968018,8.551999807357788,0.1549999713897705
8.396999835968018,8.551999807357788,0.1549999713897705
8.424999952316284,8.605999946594238,0.1809999942779541
8.432999849319458,8.605999946594238,0.17300009727478027
8.44700002670288,8.605999946594238,0.15899991989135742
8.468999862670898,8.605999946594238,0.13700008392333984
8.473999977111816,8.605999946594238,0.13199996948242188
8.48199987411499,8.616999864578247,0.13499999046325684
8.503000020980835,8.625999927520752,0.12299990653991699
8.51199984550476,8.644999980926514,0.13300013542175293
8.521999835968018,8.625999927520752,0.10400009155273438
8.555999994277954,8.774999856948853,0.21899986267089844
8.557999849319458,8.625999927520752,0.06800007820129395
8.585999965667725,8.774999856948853,0.18899989128112793
8.587999820709229,8.655999898910522,0.06800007820129395
8.590999841690063,8.628000020980835,0.037000179290771484
8.621999979019165,8.655999898910522,0.03399991989135742
8.625,8.688999891281128,0.06399989128112793
8.638999938964844,8.684999942779541,0.046000003814697266
8.651000022888184,8.703999996185303,0.05299997329711914
8.65999984741211,8.789999961853027,0.13000011444091797
8.664999961853027,8.763000011444092,0.09800004959106445
8.700999975204468,8.763000011444092,0.06200003623962402
8.724999904632568,8.827999830245972,0.10299992561340332
8.730999946594238,8.942999839782715,0.21199989318847656
8.741999864578247,8.82699990272522,0.08500003814697266
8.742999792098999,9.080999851226807,0.3380000591278076
8.744999885559082,8.86899995803833,0.12400007247924805
8.751999855041504,8.82699990272522,0.07500004768371582
8.753999948501587,8.942999839782715,0.18899989128112793
8.800999879837036,8.942999839782715,0.1419999599456787
8.803999900817871,8.947999954223633,0.14400005340576172
8.817999839782715,9.080999851226807,0.2630000114440918
8.833999872207642,8.942999839782715,0.10899996757507324
8.85099983215332,8.998999834060669,0.14800000190734863
8.85099983215332,8.947999954223633,0.0970001220703125
8.865000009536743,9.080999851226807,0.21599984169006348
8.879999876022339,9.174000024795532,0.29400014877319336
8.895999908447266,8.998999834060669,0.10299992561340332
8.8989999294281,9.174000024795532,0.27500009536743164
8.901999950408936,9.080999851226807,0.1789999008178711
8.934000015258789,9.174000024795532,0.24000000953674316
8.944000005722046,9.174000024795532,0.23000001907348633
8.950999975204468,9.080999851226807,0.12999987602233887
8.992999792098999,9.174000024795532,0.1810002326965332
9.000999927520752,9.174000024795532,0.17300009727478027
9.010999917984009,9.174000024795532,0.16300010681152344
9.01199984550476,9.340999841690063,0.32899999618530273
9.03499984741211,9.375,0.3400001525878906
9.043999910354614,9.340999841690063,0.2969999313354492
9.047999858856201,9.375999927520752,0.3280000686645508
9.050999879837036,9.174000024795532,0.1230001449584961
9.062999963760376,9.605999946594238,0.5429999828338623
9.080999851226807,9.605999946594238,0.5250000953674316
9.095999956130981,9.340999841690063,0.24499988555908203
9.10099983215332,9.375999927520752,0.27500009536743164
9.115999937057495,9.340999841690063,0.22499990463256836
9.151000022888184,9.375999927520752,0.22499990463256836
9.158999919891357,9.605999946594238,0.44700002670288086
9.163999795913696,9.881999969482422,0.7180001735687256
9.16599988937378,9.605999946594238,0.440000057220459
9.176999807357788,9.605999946594238,0.4290001392364502
9.19599986076355,9.605999946594238,0.4100000858306885
9.20199990272522,9.605999946594238,0.40400004386901855
9.217999935150146,9.881999969482422,0.6640000343322754
9.230999946594238,9.605999946594238,0.375
9.232999801635742,10.125,0.8920001983642578
9.251999855041504,9.605999946594238,0.3540000915527344
9.266999959945679,9.605999946594238,0.33899998664855957
9.29099988937378,9.605999946594238,0.315000057220459
9.300999879837036,9.605999946594238,0.30500006675720215
9.300999879837036,9.605999946594238,0.30500006675720215
9.301999807357788,9.79099988937378,0.4890000820159912
9.335999965667725,9.881999969482422,0.5460000038146973
9.35099983215332,9.881999969482422,0.5310001373291016
9.351999998092651,9.79099988937378,0.43899989128112793
9.3989999294281,9.79099988937378,0.3919999599456787
9.401999950408936,9.881999969482422,0.48000001907348633
9.424999952316284,9.88099980354309,0.45599985122680664
9.43999981880188,9.79099988937378,0.3510000705718994
9.450999975204468,9.881999969482422,0.4309999942779541
9.482999801635742,9.968999862670898,0.48600006103515625
9.497999906539917,9.968999862670898,0.47099995613098145
9.500999927520752,9.881999969482422,0.3810000419616699
9.538999795913696,9.968999862670898,0.43000006675720215
9.54099988937378,10.125,0.5840001106262207
9.550999879837036,9.881999969482422,0.33100008964538574
9.585999965667725,10.125,0.5390000343322754
9.601999998092651,10.125,0.5230000019073486
9.60699987411499,10.125,0.5180001258850098
9.621999979019165,10.125,0.503000020980835
9.651999950408936,10.125,0.47300004959106445
9.667999982833862,10.125,0.4570000171661377
9.669999837875366,10.35099983215332,0.6809999942779541
9.70199990272522,10.125,0.4230000972747803
9.705999851226807,10.60699987411499,0.9010000228881836
9.710999965667725,10.125,0.4140000343322754
9.71399998664856,9.968999862670898,0.25499987602233887
9.74399995803833,10.268999814987183,0.5249998569488525
9.750999927520752,10.125,0.37400007247924805
9.758999824523926,10.60699987411499,0.8480000495910645
9.764999866485596,10.35099983215332,0.5859999656677246
9.79099988937378,10.268999814987183,0.4779999256134033
9.800999879837036,10.268999814987183,0.4679999351501465
9.809000015258789,10.268999814987183,0.45999979972839355
9.833999872207642,10.35099983215332,0.5169999599456787
9.849999904632568,10.35099983215332,0.500999927520752
9.851999998092651,10.35099983215332,0.49899983406066895
9.901999950408936,10.35099983215332,0.44899988174438477
9.932999849319458,10.867999792098999,0.934999942779541
9.940999984741211,10.60699987411499,0.6659998893737793
9.950999975204468,10.60699987411499,0.6559998989105225
9.971999883651733,10.867999792098999,0.8959999084472656
9.98799991607666,10.867999792098999,0.8799998760223389
10.001999855041504,10.866999864578247,0.8650000095367432
10.009999990463257,10.60699987411499,0.5969998836517334
10.026000022888184,10.867999792098999,0.8419997692108154
10.051999807357788,10.866999864578247,0.815000057220459
10.067999839782715,10.60699987411499,0.5390000343322754
10.079999923706055,10.60699987411499,0.5269999504089355
10.103999853134155,10.866999864578247,0.7630000114440918
10.11899995803833,10.867999792098999,0.748999834060669
10.133999824523926,10.867999792098999,0.7339999675750732
10.152999877929688,10.866999864578247,0.7139999866485596
10.158999919891357,10.60699987411499,0.4479999542236328
10.162999868392944,10.867999792098999,0.7049999237060547
10.168999910354614,10.867999792098999,0.6989998817443848
10.175999879837036,11.313999891281128,1.1380000114440918
10.200999975204468,10.866999864578247,0.6659998893737793
10.209999799728394,10.867999792098999,0.6579999923706055
10.217000007629395,10.867999792098999,0.6509997844696045
10.230000019073486,10.867999792098999,0.6379997730255127
10.232999801635742,11.245999813079834,1.0130000114440918
10.251999855041504,10.866999864578247,0.6150000095367432
10.26199984550476,10.867999792098999,0.6059999465942383
10.299999952316284,10.867999792098999,0.5679998397827148
10.300999879837036,10.866999864578247,0.5659999847412109
10.301999807357788,11.313999891281128,1.0120000839233398
10.348999977111816,11.313999891281128,0.9649999141693115
10.35099983215332,11.246999979019165,0.8960001468658447
10.351999998092651,11.313999891281128,0.9619998931884766
10.353999853134155,11.313999891281128,0.9600000381469727
10.365000009536743,11.313999891281128,0.9489998817443848
10.372999906539917,11.246999979019165,0.874000072479248
10.376999855041504,11.313999891281128,0.937000036239624
10.391999959945679,11.313999891281128,0.9219999313354492
10.401999950408936,11.246999979019165,0.8450000286102295
10.40399980545044,11.313999891281128,0.9100000858306885
10.424000024795532,11.313999891281128,0.8899998664855957
10.432999849319458,11.313999891281128,0.8810000419616699
10.461999893188477,11.246999979019165,0.7850000858306885
10.474999904632568,11.313999891281128,0.8389999866485596
10.490999937057495,11.246999979019165,0.7560000419616699
10.492999792098999,11.313999891281128,0.8210000991821289
10.513000011444092,11.246999979019165,0.7339999675750732
10.549999952316284,11.245999813079834,0.6959998607635498
10.557999849319458,11.313999891281128,0.7560000419616699
10.57699990272522,11.875,1.2980000972747803
10.58299994468689,11.313999891281128,0.7309999465942383
10.590999841690063,11.245999813079834,0.6549999713897705
10.610999822616577,11.57099986076355,0.9600000381469727
10.61899995803833,11.569999933242798,0.9509999752044678
10.628999948501587,11.875,1.246000051498413
10.635999917984009,11.245999813079834,0.6099998950958252
10.655999898910522,11.245999813079834,0.5899999141693115
10.667999982833862,11.57099986076355,0.9029998779296875
10.675999879837036,11.873999834060669,1.1979999542236328
10.69599986076355,11.873999834060669,1.1779999732971191
10.69700002670288,11.57099986076355,0.873999834060669
10.73199987411499,11.569999933242798,0.8380000591278076
10.740999937057495,11.873999834060669,1.1329998970031738
10.760999917984009,11.875,1.1140000820159912
10.763000011444092,11.569999933242798,0.806999921798706
10.77899980545044,11.873999834060669,1.0950000286102295
10.792999982833862,11.875,1.0820000171661377
10.81499981880188,11.873999834060669,1.059000015258789
10.83299994468689,11.875,1.0420000553131104
10.83299994468689,11.873999834060669,1.0409998893737793
10.86299991607666,11.875,1.0120000839233398
10.865999937057495,11.569999933242798,0.7039999961853027
10.894999980926514,11.873999834060669,0.9789998531341553
10.911999940872192,11.875,0.9630000591278076
10.934000015258789,11.873999834060669,0.9399998188018799
10.950999975204468,11.875,0.9240000247955322
10.958999872207642,11.569999933242798,0.6110000610351562
10.971999883651733,11.873999834060669,0.9019999504089355
11.004999876022339,11.873999834060669,0.8689999580383301
11.024999856948853,11.873999834060669,0.8489999771118164
11.046000003814697,11.569999933242798,0.5239999294281006
11.057999849319458,11.873999834060669,0.8159999847412109
11.067999839782715,11.873999834060669,0.8059999942779541
11.07200002670288,11.569999933242798,0.497999906539917
11.074999809265137,11.873999834060669,0.7990000247955322
11.082000017166138,11.875,0.7929999828338623
11.105999946594238,12.27899980545044,1.1729998588562012
11.109999895095825,11.873999834060669,0.7639999389648438
11.134999990463257,11.873999834060669,0.7389998435974121
11.1489999294281,12.220999956130981,1.0720000267028809
11.155999898910522,11.873999834060669,0.7179999351501465
11.217000007629395,12.27899980545044,1.061999797821045
11.250999927520752,12.220999956130981,0.9700000286102295
11.253999948501587,12.27899980545044,1.0249998569488525
11.258999824523926,11.873999834060669,0.6150000095367432
11.26799988746643,12.27999997138977,1.0120000839233398
11.294999837875366,12.27899980545044,0.9839999675750732
11.306999921798706,12.27999997138977,0.9730000495910645
11.333999872207642,12.220999956130981,0.8870000839233398
11.340999841690063,12.27899980545044,0.937999963760376
11.342999935150146,12.27999997138977,0.937000036239624
11.373999834060669,12.27999997138977,0.9060001373291016
11.394999980926514,12.27899980545044,0.8839998245239258
11.3989999294281,12.27899980545044,0.8799998760223389
11.406999826431274,12.27899980545044,0.871999979019165
11.412999868392944,12.27999997138977,0.8670001029968262
11.419999837875366,12.220999956130981,0.8010001182556152
11.428999900817871,12.815999984741211,1.3870000839233398
11.432999849319458,12.27899980545044,0.8459999561309814
11.447999954223633,12.27899980545044,0.8309998512268066
11.45199990272522,12.220999956130981,0.7690000534057617
11.468999862670898,12.27899980545044,0.809999942779541
11.495999813079834,12.815999984741211,1.320000171661377
11.5,12.27899980545044,0.7789998054504395
11.509999990463257,12.220999956130981,0.7109999656677246
11.524999856948853,13.098999977111816,1.5740001201629639
11.531999826431274,12.220999956130981,0.689000129699707
11.541999816894531,12.27899980545044,0.7369999885559082
11.560999870300293,12.815999984741211,1.255000114440918
11.57099986076355,13.097999811172485,1.5269999504089355
11.57699990272522,12.815999984741211,1.2390000820159912
11.595999956130981,13.098999977111816,1.503000020980835
11.601999998092651,13.098999977111816,1.496999979019165
11.603999853134155,13.098999977111816,1.4950001239776611
11.616999864578247,13.097999811172485,1.4809999465942383
11.619999885559082,13.098999977111816,1.4790000915527344
11.64299988746643,13.097999811172485,1.4549999237060547
11.644999980926514,13.098999977111816,1.4539999961853027
11.666999816894531,13.098999977111816,1.4320001602172852
11.67199993133545,13.097999811172485,1.4259998798370361
11.678999900817871,13.098999977111816,1.4200000762939453
11.681999921798706,12.815999984741211,1.1340000629425049
11.686999797821045,13.098999977111816,1.4120001792907715
11.697999954223633,13.097999811172485,1.3999998569488525
11.722999811172485,13.098999977111816,1.376000165939331
11.728999853134155,12.815999984741211,1.0870001316070557
11.740000009536743,13.098999977111816,1.3589999675750732
11.74399995803833,13.097999811172485,1.3539998531341553
11.768999814987183,13.098999977111816,1.3300001621246338
11.776000022888184,12.815999984741211,1.0399999618530273
11.783999919891357,13.098999977111816,1.315000057220459
11.810999870300293,13.098999977111816,1.2880001068115234
11.82099986076355,13.097999811172485,1.2769999504089355
11.82699990272522,13.098999977111816,1.2720000743865967
11.836999893188477,12.815999984741211,0.9790000915527344
11.85099983215332,13.098999977111816,1.248000144958496
11.855999946594238,13.098999977111816,1.2430000305175781
11.870999813079834,12.815999984741211,0.945000171661377
11.885999917984009,13.097999811172485,1.2119998931884766
11.917999982833862,12.815999984741211,0.8980000019073486
11.917999982833862,13.097999811172485,1.179999828338623
11.924000024795532,13.098999977111816,1.1749999523162842
11.935999870300293,13.098999977111816,1.1630001068115234
11.964999914169312,13.098999977111816,1.1340000629425049
11.971999883651733,13.098999977111816,1.127000093460083
11.980000019073486,13.097999811172485,1.117999792098999
11.984999895095825,13.098999977111816,1.1140000820159912
11.992999792098999,13.097999811172485,1.1050000190734863
12.042999982833862,13.51199984550476,1.4689998626708984
12.047999858856201,13.098999977111816,1.0510001182556152
12.055999994277954,13.546000003814697,1.4900000095367432
12.078999996185303,13.097999811172485,1.0189998149871826
12.102999925613403,13.097999811172485,0.994999885559082
12.103999853134155,13.546000003814697,1.442000150680542
12.113999843597412,13.097999811172485,0.9839999675750732
12.126999855041504,13.097999811172485,0.9709999561309814
12.133999824523926,13.097999811172485,0.9639999866485596
12.166999816894531,13.51199984550476,1.3450000286102295
12.17199993133545,13.097999811172485,0.9259998798370361
12.174999952316284,13.097999811172485,0.9229998588562012
12.20199990272522,13.546000003814697,1.3440001010894775
12.214999914169312,13.097999811172485,0.8829998970031738
12.230999946594238,13.51199984550476,1.2809998989105225
12.236999988555908,13.51199984550476,1.2749998569488525
12.258999824523926,13.51199984550476,1.253000020980835
12.280999898910522,13.546000003814697,1.2650001049041748
12.297999858856201,13.546000003814697,1.248000144958496
12.32099986076355,13.544999837875366,1.2239999771118164
12.355000019073486,13.51199984550476,1.1569998264312744
12.372999906539917,13.546000003814697,1.1730000972747803
12.388999938964844,13.544999837875366,1.1559998989105225
12.407999992370605,13.546000003814697,1.1380000114440918
12.430999994277954,13.546000003814697,1.1150000095367432
12.464999914169312,13.546000003814697,1.0810000896453857
12.476999998092651,13.546000003814697,1.069000005722046
12.48199987411499,13.546000003814697,1.064000129699707
12.48199987411499,13.51199984550476,1.0299999713897705
12.490999937057495,13.544999837875366,1.053999900817871
12.513999938964844,13.544999837875366,1.0309998989105225
12.526999950408936,13.51199984550476,0.9849998950958252
12.52899980545044,13.544999837875366,1.0160000324249268
12.532999992370605,13.544999837875366,1.0119998455047607
12.53600001335144,13.544999837875366,1.0089998245239258
12.569000005722046,13.544999837875366,0.9759998321533203
12.605000019073486,13.544999837875366,0.9399998188018799
12.60699987411499,13.51199984550476,0.9049999713897705
12.619999885559082,13.544999837875366,0.9249999523162842
12.643999814987183,13.544999837875366,0.9010000228881836
12.6489999294281,13.544999837875366,0.8959999084472656
12.666999816894531,13.544999837875366,0.878000020980835
12.671000003814697,13.544999837875366,0.873999834060669
12.685999870300293,13.544999837875366,0.8589999675750732
12.687999963760376,14.092000007629395,1.4040000438690186
12.702999830245972,13.544999837875366,0.8420000076293945
12.717999935150146,13.544999837875366,0.8269999027252197
12.718999862670898,14.092000007629395,1.373000144958496
12.72599983215332,14.317999839782715,1.5920000076293945
12.747999906539917,13.544999837875366,0.7969999313354492
12.780999898910522,14.316999912261963,1.5360000133514404
12.782999992370605,13.51199984550476,0.7289998531341553
12.79099988937378,14.317999839782715,1.5269999504089355
12.807999849319458,14.090999841690063,1.2829999923706055
12.822999954223633,14.316999912261963,1.49399995803833
12.832000017166138,14.317999839782715,1.4859998226165771
12.84499979019165,14.316999912261963,1.4720001220703125
12.875,14.317999839782715,1.4429998397827148
12.878999948501587,14.316999912261963,1.437999963760376
12.885999917984009,14.317999839782715,1.431999921798706
12.8989999294281,14.316999912261963,1.4179999828338623
12.928999900817871,14.316999912261963,1.3880000114440918
12.930999994277954,14.317999839782715,1.3869998455047607
12.934000015258789,14.316999912261963,1.3829998970031738
12.940999984741211,14.092000007629395,1.1510000228881836
12.942999839782715,14.317999839782715,1.375
12.95799994468689,14.316999912261963,1.3589999675750732
12.959999799728394,14.092000007629395,1.132000207901001
13.016999959945679,14.317999839782715,1.3009998798370361
13.01799988746643,14.316999912261963,1.2990000247955322
13.04699993133545,14.316999912261963,1.2699999809265137
13.051999807357788,14.316999912261963,1.2650001049041748
13.063999891281128,14.316999912261963,1.253000020980835
13.073999881744385,14.317999839782715,1.24399995803833
13.093999862670898,14.317999839782715,1.2239999771118164
13.113999843597412,14.316999912261963,1.2030000686645508
13.15399980545044,14.316999912261963,1.1630001068115234
13.172999858856201,14.317999839782715,1.1449999809265137
13.174000024795532,14.316999912261963,1.1429998874664307
13.190999984741211,14.092000007629395,0.9010000228881836
13.190999984741211,14.317999839782715,1.126999855041504
13.20799994468689,14.316999912261963,1.1089999675750732
13.223999977111816,14.092000007629395,0.8680000305175781
13.23799991607666,14.317999839782715,1.0799999237060547
13.247999906539917,14.316999912261963,1.069000005722046
13.269999980926514,14.315999984741211,1.0460000038146973
13.27999997138977,14.317999839782715,1.0379998683929443
13.286999940872192,14.317999839782715,1.0309998989105225
13.303999900817871,14.092000007629395,0.7880001068115234
13.304999828338623,14.315999984741211,1.011000156402588
13.319000005722046,14.315999984741211,0.996999979019165
13.324999809265137,14.316999912261963,0.9920001029968262
13.32699990272522,14.317999839782715,0.9909999370574951
13.327999830245972,14.092000007629395,0.7640001773834229
13.355000019073486,14.315999984741211,0.9609999656677246
13.360999822616577,14.316999912261963,0.9560000896453857
13.379999876022339,15.645999908447266,2.2660000324249268
13.383999824523926,14.092000007629395,0.7080001831054688
13.396999835968018,14.316999912261963,0.9200000762939453
13.417999982833862,15.645999908447266,2.2279999256134033
13.424999952316284,14.090999841690063,0.6659998893737793
13.449999809265137,14.797999858856201,1.3480000495910645
13.453999996185303,14.316999912261963,0.8629999160766602
13.47599983215332,14.090999841690063,0.6150000095367432
13.490999937057495,14.797999858856201,1.306999921798706
13.49399995803833,14.799000024795532,1.3050000667572021
13.50599980354309,14.797999858856201,1.2920000553131104
13.520999908447266,15.645999908447266,2.125
13.532999992370605,14.797999858856201,1.2649998664855957
13.541999816894531,14.799000024795532,1.257000207901001
13.549000024795532,14.797999858856201,1.248999834060669
13.560999870300293,14.797999858856201,1.2369999885559082
13.573999881744385,14.799000024795532,1.2250001430511475
13.593999862670898,14.799000024795532,1.2050001621246338
13.60099983215332,14.797999858856201,1.1970000267028809
13.60699987411499,14.797999858856201,1.190999984741211
13.621999979019165,14.797999858856201,1.1759998798370361
13.629999876022339,14.799000024795532,1.1690001487731934
13.639999866485596,14.797999858856201,1.1579999923706055
13.657999992370605,14.797999858856201,1.1399998664855957
13.666999816894531,14.797999858856201,1.13100004196167
13.680999994277954,14.799000024795532,1.1180000305175781
13.690999984741211,14.797999858856201,1.1069998741149902
13.698999881744385,14.79699993133545,1.0980000495910645
13.715999841690063,14.797999858856201,1.0820000171661377
13.71999979019165,14.799000024795532,1.0790002346038818
13.760999917984009,14.797999858856201,1.0369999408721924
13.76199984550476,14.79699993133545,1.0350000858306885
13.77999997138977,14.799000024795532,1.0190000534057617
13.803999900817871,14.797999858856201,0.9939999580383301
13.811999797821045,14.799000024795532,0.9870002269744873
13.82200002670288,14.79699993133545,0.9749999046325684
13.842999935150146,14.79699993133545,0.9539999961853027
13.84499979019165,14.799000024795532,0.9540002346038818
13.85099983215332,14.797999858856201,0.9470000267028809
13.869999885559082,14.799000024795532,0.9290001392364502
13.898000001907349,14.79699993133545,0.8989999294281006
13.8989999294281,14.799000024795532,0.9000000953674316
13.901000022888184,14.797999858856201,0.8969998359680176
13.944000005722046,14.79699993133545,0.8529999256134033
13.949999809265137,14.799000024795532,0.8490002155303955
13.95199990272522,14.797999858856201,0.8459999561309814
13.990000009536743,14.799000024795532,0.8090000152587891
14.000999927520752,14.799000024795532,0.7980000972747803
14.000999927520752,14.797999858856201,0.7969999313354492
14.027999877929688,15.291999816894531,1.2639999389648438
14.030999898910522,15.292999982833862,1.2620000839233398
14.051999807357788,15.291999816894531,1.2400000095367432
14.065999984741211,15.292999982833862,1.2269999980926514
14.07200002670288,15.291999816894531,1.2199997901916504
14.10099983215332,15.291999816894531,1.190999984741211
14.101999998092651,15.646999835968018,1.5449998378753662
14.111999988555908,15.292999982833862,1.180999994277954
14.13699984550476,15.292999982833862,1.1560001373291016
14.151000022888184,15.645999908447266,1.494999885559082
14.15399980545044,15.646999835968018,1.4930000305175781
14.200999975204468,15.292999982833862,1.0920000076293945
14.20199990272522,15.646999835968018,1.4449999332427979
14.202999830245972,15.645999908447266,1.443000078201294
14.222999811172485,15.646999835968018,1.4240000247955322
14.254999876022339,15.645999908447266,1.3910000324249268
14.265999794006348,15.292999982833862,1.0270001888275146
14.301999807357788,15.645999908447266,1.3440001010894775
14.330999851226807,15.292999982833862,0.9620001316070557
14.35099983215332,15.645999908447266,1.2950000762939453
14.365999937057495,15.646999835968018,1.2809998989105225
14.36899995803833,15.292999982833862,0.9240000247955322
14.396999835968018,15.646999835968018,1.25
14.401999950408936,15.645999908447266,1.24399995803833
14.430999994277954,15.646999835968018,1.2159998416900635
14.453999996185303,15.292999982833862,0.8389999866485596
14.455999851226807,15.645999908447266,1.190000057220459
14.457000017166138,15.646999835968018,1.1899998188018799
14.472999811172485,15.646999835968018,1.1740000247955322
14.474999904632568,15.292999982833862,0.818000078201294
14.501999855041504,15.645999908447266,1.1440000534057617
14.513000011444092,15.646999835968018,1.1339998245239258
14.551999807357788,15.645999908447266,1.0940001010894775
14.556999921798706,15.646999835968018,1.0899999141693115
14.58899998664856,15.292999982833862,0.7039999961853027
14.601999998092651,15.645999908447266,1.0439999103546143
14.605999946594238,15.646999835968018,1.0409998893737793
14.61899995803833,15.292999982833862,0.6740000247955322
14.620999813079834,15.646999835968018,1.0260000228881836
14.651999950408936,15.645999908447266,0.9939999580383301
14.655999898910522,15.292999982833862,0.6370000839233398
14.658999919891357,15.646999835968018,0.9879999160766602
14.687999963760376,15.645999908447266,0.9579999446868896
14.702999830245972,15.645999908447266,0.943000078201294
14.705999851226807,15.645999908447266,0.940000057220459
14.71999979019165,15.646999835968018,0.9270000457763672
14.727999925613403,15.645999908447266,0.9179999828338623
14.736999988555908,15.292999982833862,0.5559999942779541
14.751999855041504,15.645999908447266,0.8940000534057617
14.756999969482422,16.24899983406067,1.491999864578247
14.771999835968018,16.250999927520752,1.4790000915527344
14.786999940872192,16.25,1.4630000591278076
14.797999858856201,16.24899983406067,1.4509999752044678
14.803999900817871,15.645999908447266,0.8420000076293945
14.812999963760376,16.250999927520752,1.437999963760376
14.852999925613403,16.25,1.3970000743865967
14.860999822616577,16.250999927520752,1.3900001049041748
14.865000009536743,16.24899983406067,1.3839998245239258
14.901999950408936,16.25,1.3480000495910645
14.902999877929688,16.24899983406067,1.3459999561309814
14.928999900817871,16.24899983406067,1.3199999332427979
14.932999849319458,16.24899983406067,1.315999984741211
14.944999933242798,16.24899983406067,1.303999900817871
14.947999954223633,16.250999927520752,1.3029999732971191
14.95199990272522,16.24899983406067,1.2969999313354492
14.962999820709229,16.250999927520752,1.2880001068115234
14.964999914169312,16.24899983406067,1.2839999198913574
15.001999855041504,16.24899983406067,1.246999979019165
15.01199984550476,16.24899983406067,1.2369999885559082
15.04699993133545,16.25,1.2030000686645508
15.051999807357788,16.24899983406067,1.1970000267028809
15.054999828338623,16.24899983406067,1.194000005722046
15.075999975204468,16.25,1.1740000247955322
15.085999965667725,16.24899983406067,1.1629998683929443
15.101999998092651,16.24899983406067,1.1469998359680176
15.113999843597412,16.25,1.136000156402588
15.131999969482422,16.25,1.1180000305175781
15.14299988746643,16.99399995803833,1.8510000705718994
15.145999908447266,16.24899983406067,1.1029999256134033
15.151999950408936,16.24899983406067,1.0969998836517334
15.169999837875366,16.24899983406067,1.0789999961853027
15.172999858856201,16.99399995803833,1.821000099182129
15.198999881744385,16.25,1.0510001182556152
15.20199990272522,16.24899983406067,1.0469999313354492
15.21399998664856,16.24899983406067,1.0349998474121094
15.228999853134155,17.613999843597412,2.384999990463257
15.247999906539917,17.613999843597412,2.365999937057495
15.251999855041504,16.24899983406067,0.996999979019165
15.268999814987183,16.24899983406067,0.9800000190734863
15.283999919891357,16.992999792099,1.7089998722076416
15.301999807357788,16.99399995803833,1.692000150680542
15.301999807357788,17.61299991607666,2.311000108718872
15.319000005722046,17.61299991607666,2.2939999103546143
15.334999799728394,16.99399995803833,1.6590001583099365
15.35099983215332,17.611999988555908,2.261000156402588
15.365999937057495,17.61299991607666,2.246999979019165
15.382999897003174,16.99399995803833,1.6110000610351562
15.401999950408936,17.611999988555908,2.2100000381469727
15.408999919891357,17.613999843597412,2.2049999237060547
15.424000024795532,17.61299991607666,2.188999891281128
15.444000005722046,16.99399995803833,1.5499999523162842
15.448999881744385,17.61299991607666,2.1640000343322754
15.45199990272522,17.611999988555908,2.1600000858306885
15.471999883651733,17.613999843597412,2.1419999599456787
15.472999811172485,16.99399995803833,1.5210001468658447
15.500999927520752,16.99399995803833,1.4930000305175781
15.503000020980835,17.611999988555908,2.1089999675750732
15.50599980354309,17.61299991607666,2.1070001125335693
15.537999868392944,17.61299991607666,2.075000047683716
15.550999879837036,17.611999988555908,2.061000108718872
15.556999921798706,16.99399995803833,1.437000036239624
15.585999965667725,17.613999843597412,2.0279998779296875
15.592999935150146,17.61299991607666,2.0199999809265137
15.602999925613403,17.611999988555908,2.009000062942505
15.603999853134155,16.99399995803833,1.3900001049041748
15.61899995803833,17.613999843597412,1.994999885559082
15.63099980354309,16.99399995803833,1.3630001544952393
15.64299988746643,17.61299991607666,1.9700000286102295
15.651999950408936,17.613999843597412,1.9619998931884766
15.651999950408936,17.611999988555908,1.9600000381469727
15.66100001335144,17.61299991607666,1.9519999027252197
15.671000003814697,17.613999843597412,1.9429998397827148
15.700999975204468,17.611999988555908,1.9110000133514404
15.717999935150146,16.99399995803833,1.2760000228881836
15.720999956130981,17.61299991607666,1.8919999599456787
15.734999895095825,17.613999843597412,1.878999948501587
15.750999927520752,17.611999988555908,1.8610000610351562
15.76199984550476,17.61299991607666,1.8510000705718994
15.771999835968018,16.99399995803833,1.2220001220703125
15.77999997138977,17.613999843597412,1.8339998722076416
15.800999879837036,17.611999988555908,1.811000108718872
15.804999828338623,17.613999843597412,1.809000015258789
15.810999870300293,17.61299991607666,1.8020000457763672
15.829999923706055,16.99399995803833,1.1640000343322754
15.851999998092651,17.611999988555908,1.7599999904632568
15.857999801635742,17.61299991607666,1.755000114440918
15.863999843597412,16.99399995803833,1.130000114440918
15.875,17.61299991607666,1.7379999160766602
15.88099980354309,17.613999843597412,1.7330000400543213
15.901999950408936,17.611999988555908,1.7100000381469727
15.91100001335144,16.992999792099,1.0819997787475586
15.929999828338623,17.613999843597412,1.684000015258789
15.952999830245972,17.611999988555908,1.6590001583099365
15.953999996185303,16.992999792099,1.0389997959136963
15.97599983215332,17.613999843597412,1.6380000114440918
16.001999855041504,17.611999988555908,1.6100001335144043
16.009999990463257,17.613999843597412,1.6039998531341553
16.04099988937378,17.613999843597412,1.5729999542236328
16.04199981689453,17.61299991607666,1.571000099182129
16.051999807357788,17.610999822616577,1.559000015258789
16.054999828338623,16.992999792099,0.937999963760376
16.080999851226807,17.61299991607666,1.5320000648498535
16.084999799728394,17.613999843597412,1.5290000438690186
16.102999925613403,17.610999822616577,1.5079998970031738
16.109999895095825,17.61299991607666,1.503000020980835
16.140999794006348,17.61299991607666,1.4720001220703125
16.151999950408936,17.610999822616577,1.4589998722076416
16.15499997138977,17.613999843597412,1.4589998722076416
16.171000003814697,18.221999883651733,2.050999879837036
16.200999975204468,18.221999883651733,2.0209999084472656
16.200999975204468,17.610999822616577,1.4099998474121094
16.20799994468689,17.613999843597412,1.4059998989105225
16.21499991416931,17.61299991607666,1.3980000019073486
16.251999855041504,17.610999822616577,1.3589999675750732
16.253000020980835,18.221999883651733,1.9689998626708984
16.26099991798401,18.221999883651733,1.9609999656677246
16.300999879837036,18.221999883651733,1.9210000038146973
16.30399990081787,18.223999977111816,1.9200000762939453
16.305999994277954,18.221999883651733,1.9159998893737793
16.347999811172485,18.223999977111816,1.876000165939331
16.35199999809265,18.223999977111816,1.871999979019165
16.352999925613403,18.223999977111816,1.871000051498413
16.372999906539917,18.223999977111816,1.8510000705718994
16.382999897003174,18.223999977111816,1.8410000801086426
16.401000022888184,18.223999977111816,1.8229999542236328
16.401999950408936,18.223999977111816,1.8220000267028809
16.401999950408936,18.223999977111816,1.8220000267028809
16.4229998588562,18.223999977111816,1.8010001182556152
16.44099998474121,18.223999977111816,1.7829999923706055
16.450999975204468,18.223999977111816,1.7730000019073486
16.455999851226807,18.223999977111816,1.7680001258850098
16.471999883651733,18.223999977111816,1.752000093460083
16.483999967575073,18.223999977111816,1.7400000095367432
16.5,18.223999977111816,1.7239999771118164
16.500999927520752,18.223999977111816,1.7230000495910645
16.527999877929688,18.223999977111816,1.696000099182129
16.551999807357788,18.223999977111816,1.6720001697540283
16.560999870300293,18.221999883651733,1.6610000133514404
16.582000017166138,18.222999811172485,1.6409997940063477
16.59999990463257,18.221999883651733,1.621999979019165
16.60199999809265,18.223999977111816,1.621999979019165
16.613999843597412,18.223999977111816,1.6100001335144043
16.625999927520752,18.222999811172485,1.5969998836517334
16.638999938964844,18.221999883651733,1.5829999446868896
16.663999795913696,18.223999977111816,1.5600001811981201
16.66699981689453,18.223999977111816,1.5570001602172852
16.688999891281128,18.223999977111816,1.5350000858306885
16.70299983024597,18.223999977111816,1.5210001468658447
16.71399998664856,18.221999883651733,1.5079998970031738
16.717000007629395,18.222999811172485,1.5059998035430908
16.73099994659424,18.223999977111816,1.4930000305175781
16.740000009536743,18.221999883651733,1.4819998741149902
16.74399995803833,18.222999811172485,1.4789998531341553
16.751999855041504,18.222999811172485,1.4709999561309814
16.783999919891357,18.223999977111816,1.440000057220459
16.787999868392944,18.222999811172485,1.434999942779541
16.79099988937378,18.221999883651733,1.430999994277954
16.801999807357788,18.222999811172485,1.4210000038146973
16.805999994277954,18.221999883651733,1.4159998893737793
16.817999839782715,18.222999811172485,1.4049999713897705
16.84599995613098,18.221999883651733,1.375999927520752
16.859999895095825,18.222999811172485,1.3629999160766602
16.860999822616577,18.222999811172485,1.3619999885559082
16.870999813079834,18.223999977111816,1.3530001640319824
16.888000011444092,18.221999883651733,1.3339998722076416
16.889999866485596,19.149999856948853,2.259999990463257
16.895999908447266,18.223999977111816,1.3280000686645508
16.901999950408936,18.222999811172485,1.3209998607635498
16.92799997329712,18.223999977111816,1.2960000038146973
16.93499994277954,18.221999883651733,1.2869999408721924
16.954999923706055,19.408999919891357,2.4539999961853027
16.960999965667725,19.149999856948853,2.188999891281128
16.982999801635742,19.149999856948853,2.1670000553131104
16.98799991607666,19.407999992370605,2.4200000762939453
17.00499987602234,19.407999992370605,2.4030001163482666
17.02899980545044,19.149999856948853,2.121000051498413
17.042999982833862,19.408999919891357,2.365999937057495
17.07799983024597,19.407999992370605,2.330000162124634
17.08399987220764,19.407999992370605,2.324000120162964
17.086999893188477,19.408999919891357,2.322000026702881
17.115999937057495,19.149999856948853,2.0339999198913574
17.17199993133545,19.407999992370605,2.2360000610351562
17.175999879837036,19.407999992370605,2.2320001125335693
17.228999853134155,19.149999856948853,1.9210000038146973
17.24399995803833,19.407999992370605,2.1640000343322754
17.246999979019165,19.149999856948853,1.9029998779296875
17.26199984550476,19.407999992370605,2.1460001468658447
17.265999794006348,19.408999919891357,2.1430001258850098
17.27899980545044,19.149999856948853,1.871000051498413
17.29199981689453,19.149999856948853,1.8580000400543213
17.299999952316284,19.408999919891357,2.1089999675750732
17.316999912261963,19.408999919891357,2.0920000076293945
17.32799983024597,19.407999992370605,2.080000162124634
17.336999893188477,19.407999992370605,2.071000099182129
17.363999843597412,19.149999856948853,1.7860000133514404
17.375,19.407999992370605,2.0329999923706055
17.399999856948853,19.407999992370605,2.008000135421753
17.407999992370605,19.407999992370605,2.0
17.43400001525879,19.149999856948853,1.7159998416900635
17.435999870300293,19.407999992370605,1.9720001220703125
17.441999912261963,19.407999992370605,1.9660000801086426
17.449999809265137,19.408999919891357,1.9590001106262207
17.461999893188477,19.407999992370605,1.946000099182129
17.472999811172485,19.149999856948853,1.6770000457763672
17.47599983215332,19.407999992370605,1.9320001602172852
17.497999906539917,19.149999856948853,1.6519999504089355
17.509999990463257,19.407999992370605,1.8980000019073486
17.51099991798401,19.407999992370605,1.8970000743865967
17.539999961853027,19.407999992370605,1.8680000305175781
17.544999837875366,19.408999919891357,1.8640000820159912
17.554999828338623,19.407999992370605,1.8530001640319824
17.56599998474121,19.408999919891357,1.8429999351501465
17.57799983024597,19.149999856948853,1.5720000267028809
17.622999906539917,19.407999992370605,1.7850000858306885
17.63699984550476,19.408999919891357,1.7720000743865967
17.640999794006348,19.407999992370605,1.7670001983642578
17.658999919891357,19.407999992370605,1.749000072479248
17.682999849319458,19.408999919891357,1.7260000705718994
17.711999893188477,19.408999919891357,1.6970000267028809
17.72599983215332,19.407999992370605,1.6820001602172852
17.76199984550476,19.149999856948853,1.3880000114440918
17.764999866485596,19.407999992370605,1.6430001258850098
17.776999950408936,19.407999992370605,1.63100004196167
17.776999950408936,19.407999992370605,1.63100004196167
17.799999952316284,19.149999856948853,1.3499999046325684
17.810999870300293,19.407999992370605,1.5970001220703125
17.819000005722046,19.149999856948853,1.3309998512268066
17.832000017166138,19.149999856948853,1.3179998397827148
17.834999799728394,19.407999992370605,1.573000192642212
17.836999893188477,19.408999919891357,1.5720000267028809
17.84499979019165,19.149999856948853,1.3050000667572021
17.865000009536743,19.149999856948853,1.2849998474121094
17.872999906539917,19.407999992370605,1.5350000858306885
17.908999919891357,19.407999992370605,1.499000072479248
17.930999994277954,19.407999992370605,1.4769999980926514
17.944000005722046,19.407999992370605,1.4639999866485596
17.953999996185303,19.408999919891357,1.4549999237060547
17.97499990463257,19.407999992370605,1.433000087738037
17.98799991607666,19.408999919891357,1.4210000038146973
18.00599980354309,19.407999992370605,1.4020001888275146
18.007999897003174,19.407999992370605,1.4000000953674316
18.01099991798401,20.608999967575073,2.5980000495910645
18.039999961853027,19.407999992370605,1.3680000305175781
18.050999879837036,19.408999919891357,1.3580000400543213
18.080999851226807,19.407999992370605,1.3270001411437988
18.086999893188477,19.408999919891357,1.3220000267028809
18.090999841690063,19.407999992370605,1.317000150680542
18.115999937057495,19.407999992370605,1.2920000553131104
18.120999813079834,20.60699987411499,2.4860000610351562
18.18499994277954,19.407999992370605,1.2230000495910645
18.194999933242798,20.607999801635742,2.4129998683929443
18.210999965667725,20.60699987411499,2.3959999084472656
18.228999853134155,20.607999801635742,2.378999948501587
18.256999969482422,20.607999801635742,2.3509998321533203
18.26199984550476,20.609999895095825,2.3480000495910645
18.271999835968018,20.610999822616577,2.3389999866485596
18.301999807357788,20.610999822616577,2.309000015258789
18.32099986076355,20.609999895095825,2.2890000343322754
18.329999923706055,20.610999822616577,2.2809998989105225
18.352999925613403,20.610999822616577,2.257999897003174
18.36299991607666,20.608999967575073,2.246000051498413
18.370999813079834,20.609999895095825,2.239000082015991
18.382999897003174,20.609999895095825,2.2269999980926514
18.406999826431274,20.609999895095825,2.203000068664551
18.421000003814697,20.60699987411499,2.185999870300293
18.437999963760376,20.60699987411499,2.1689999103546143
18.45899987220764,20.609999895095825,2.1510000228881836
18.480000019073486,20.610999822616577,2.130999803543091
18.490000009536743,20.60699987411499,2.116999864578247
18.515999794006348,20.610999822616577,2.0950000286102295
18.526000022888184,20.609999895095825,2.0839998722076416
18.561999797821045,20.609999895095825,2.0480000972747803
18.56499981880188,20.608999967575073,2.0440001487731934
18.584999799728394,20.609999895095825,2.0250000953674316
18.598999977111816,20.609999895095825,2.010999917984009
18.611999988555908,20.609999895095825,1.997999906539917
18.61299991607666,20.609999895095825,1.996999979019165
18.652999877929688,20.609999895095825,1.9570000171661377
18.65999984741211,20.60699987411499,1.9470000267028809
18.667999982833862,20.608999967575073,1.940999984741211
18.67199993133545,20.608999967575073,1.937000036239624
18.686999797821045,20.608999967575073,1.9220001697540283
18.694000005722046,20.60699987411499,1.9129998683929443
18.70199990272522,20.609999895095825,1.9079999923706055
18.72099995613098,20.609999895095825,1.8889999389648438
18.721999883651733,20.60699987411499,1.8849999904632568
18.740999937057495,20.608999967575073,1.8680000305175781
18.750999927520752,20.609999895095825,1.8589999675750732
18.757999897003174,20.609999895095825,1.8519999980926514
18.769999980926514,20.60699987411499,1.8369998931884766
18.789999961853027,20.609999895095825,1.8199999332427979
18.80299997329712,20.609999895095825,1.806999921798706
18.828999996185303,20.608999967575073,1.7799999713897705
18.85199999809265,20.609999895095825,1.7579998970031738
18.878999948501587,20.608999967575073,1.7300000190734863
18.87999987602234,20.609999895095825,1.7300000190734863
18.89299988746643,20.60699987411499,1.7139999866485596
18.901000022888184,20.609999895095825,1.7089998722076416
18.924000024795532,20.60699987411499,1.682999849319458
18.94099998474121,20.609999895095825,1.6689999103546143
18.94099998474121,20.60699987411499,1.6659998893737793
18.95199990272522,20.609999895095825,1.6579999923706055
18.96399998664856,20.609999895095825,1.6459999084472656
18.97099995613098,20.60699987411499,1.6359999179840088
18.988999843597412,20.609999895095825,1.621000051498413
19.001999855041504,20.60699987411499,1.6050000190734863
19.003000020980835,20.608999967575073,1.6059999465942383
19.003999948501587,20.608999967575073,1.6050000190734863
19.032999992370605,20.609999895095825,1.5769999027252197
19.050999879837036,20.608999967575073,1.558000087738037
19.069000005722046,20.608999967575073,1.5399999618530273
19.074999809265137,20.609999895095825,1.5350000858306885
19.092999935150146,20.609999895095825,1.5169999599456787
19.09499979019165,20.608999967575073,1.5140001773834229
19.10099983215332,20.60699987411499,1.50600004196167
19.102999925613403,20.608999967575073,1.50600004196167
19.12999987602234,20.60699987411499,1.4769999980926514
19.140999794006348,20.608999967575073,1.4680001735687256
19.151999950408936,20.608999967575073,1.4570000171661377
19.15499997138977,20.608999967575073,1.4539999961853027
19.15499997138977,20.60699987411499,1.4519999027252197
19.18400001525879,20.608999967575073,1.4249999523162842
19.18400001525879,20.609999895095825,1.4259998798370361
19.198999881744385,20.60699987411499,1.4079999923706055
19.20199990272522,20.608999967575073,1.4070000648498535
19.221999883651733,20.608999967575073,1.3870000839233398
19.251999855041504,20.608999967575073,1.3570001125335693
19.270999908447266,45.56399989128113,26.292999982833862
19.361999988555908,20.60699987411499,1.244999885559082
19.369999885559082,45.56399989128113,26.194000005722046
19.37399983406067,45.562999963760376,26.189000129699707
19.425999879837036,45.56399989128113,26.138000011444092
19.482999801635742,45.56399989128113,26.081000089645386
19.679999828338623,45.56399989128113,25.884000062942505
19.694999933242798,45.56399989128113,25.86899995803833
19.79099988937378,45.562999963760376,25.772000074386597
19.84599995613098,45.562999963760376,25.717000007629395
19.878000020980835,45.562999963760376,25.68499994277954
19.959999799728394,45.562999963760376,25.603000164031982
20.015999794006348,45.562999963760376,25.54700016975403
20.042999982833862,45.562999963760376,25.519999980926514
20.122999906539917,45.562999963760376,25.44000005722046
20.207000017166138,45.562999963760376,25.35599994659424
20.240999937057495,45.562999963760376,25.32200002670288
20.300999879837036,45.562999963760376,25.26200008392334
20.450999975204468,45.562999963760376,25.111999988555908
